data9 = [
    31 35; ...
    31 40; ...
    31 45; ...
    31 50; ...
    30 55; ...
    29 60; ...
    29 65; ...
    28 70; ...
    27 75; ...
    27 80; ...
    26 80; ...
    27 85; ...
    25 85; ...
    25 90; ...
    25 95; ...
    25 100; ...
    23 105; ...
    23 110; ...
    22 115; ...
    23 120; ...
    22 125; ...
    21 125; ...
    21 130; ...
    20 135; ...
    19 140; ...
    17 145; ...
    18 145; ...
    18 152; ...
    17 155; ...
    17 160; ...
    16 160; ...
    17 165; ...
    16 165; ...
    16 170; ...
    17 170; ...
    16 175; ...
    17 175; ...
    15 180; ...
    16 180; ...
    15 185; ...
    16 185; ...
    15 190; ...
    15 195; ...
    14 200; ...
    15 200; ...
    15 205; ...
    14 205; ...
    13 210; ...
    15 210; ...
    13 215; ...
    13 220; ...
    12 220; ...
    13 225; ...
    13 230; ...
    13 235; ...
    12 235; ...
    12 240; ...
    13 240; ...
    12 250; ...
    11 250; ...
    11 260; ...
    11 270; ...
    11 280; ...
    10 280; ...
    9 290; ...
    9 300; ...
    8 310; ...
    8 320; ...
    8 330; ...
    7 340; ...
    7 350; ...
    7 360; ...
    6 370; ...
    6 380; ...
    6 390; ...
    6 400; ...
    6 410; ...
    5 410; ...
    6 420; ...
    5 420; ...
    5 430; ...
    5 440; ...
    4 440; ...
    4 450; ...
    5 450; ...
    4 460; ...
    5 470; ...
    4 470; ...
    4 480; ...
    5 480; ...
    0 490; ... % more none than measure
    0 500; ... % none
    ];

data7 = [
    31 35; ...
    31 40; ...
    31 45; ...
    31 50; ...
    30 55; ...
    31 55; ... % same no of times
    29 60; ...
    29 65; ...
    27 70; ...
    28 70; ...
    28 75; ...
    27 80; ...
    27 80; ...
    26 85; ...
    27 85; ...
    25 90; ...
    25 95; ...
    25 100; ...
    23 105; ...
    23 110; ...
    22 115; ...
    22 120; ...
    21 125; ...
    21 130; ...
    21 135; ...
    20 140; ...
    17 145; ...
    18 145; ...
    19 152; ...
    17 152; ...
    17 155; ...
    18 155; ...
    19 155; ...
    16 160; ...
    17 160; ...
    16 165; ...
    17 165; ...
    16 170; ...
    17 170; ...
    15 175; ...
    17 175; ...
    15 180; ...
    16 180; ... 
    15 185; ...
    15 190; ...    
    16 195; ...
    15 195; ...
    14 200; ...
    15 200; ...
    14 205; ...
    15 205; ...
    13 210; ...
    15 210; ...
    13 215; ...
    15 215; ...
    13 220; ...
    13 225; ...
    13 230; ...
    12 230; ...
    14 230; ...
    12 235; ...
    13 240; ...
    12 240; ...
    12 250; ...
    11 250; ...
    11 260; ...
    11 270; ...
    11 280; ...
    12 280; ...
    10 280; ...
    9 290; ...
    9 300; ...
    8 310; ...
    9 310; ...
    8 320; ...
    8 330; ...
    8 340; ...
    7 350; ...
    7 360; ...
    7 370; ...
    7 380; ...
    6 390; ...
    6 400; ...
    6 410; ...
    6 420; ...
    5 430; ...
    5 440; ...
    4 450; ...
    6 450; ...
    5 460; ...
    4 460; ...
    5 470; ...
    4 470; ...
    0 480; ... % none
    0 490; ... % none
    0 500; ... % none
    ];

data9_side = [
    31 30; ...
    31 35; ...
    31 40; ...
    31 45; ...
    30 50; ...
    31 50; ...
    30 55; ...
    29 55; ...
    29 60; ...
    29 65; ...
    29 70; ...
    27 70; ...
    28 70; ...
    27 75; ...
    27 80; ...
    26 80; ...
    27 85; ...
    26 85; ...
    25 90; ...
    25 95; ...
    25 100; ...
    24 100; ...
    23 105; ...
    23 110; ...
    22 115; ...
    22 120; ...
    23 120; ...
    21 125; ...
    21 130; ...
    21 135; ...
    20 135; ...
    19 140; ...
    17 150; ...
    17 160; ...
    16 170; ...
    15 180; ...
    15 190; ...
    9 210; ...
    15 210; ...
    13 210; ...
    12 230; ...
    12 250; ...
    %270 data are too noisy: ex.samples were 18-12-12-12-18-18-12-19-...
    %290 strange measuremeants: out of 15 measures we get: 21 3 times, 20 3, 13,
    %5 times, 11 4 times
    %times
    9 310; ...
    8 330; ...
    7 350; ...
    7 370; ...
    6 390; ...
    5 410; ...
    5 430; ...
    5 440; ...
    4 450; ...
    5 450; ...
    4 460; ...
    4 470; ...
    0 480; ... % none
    0 490; ... % none
    0 500; ... % none
    ];

data7_side = [
    31 30; ...
    31 35; ...
    31 40; ...
    31 45; ...
    30 50; ...
    31 50; ...
    30 55; ...
    29 55; ...
    29 60; ...
    29 65; ...
    29 70; ...
    27 70; ...
    28 70; ...
    27 75; ...
    27 80; ...
    26 80; ...
    27 85; ...
    26 85; ...
    25 90; ...
    25 95; ...
    24 95; ...
    25 100; ...
    24 100; ...
    25 105; ...
    23 105; ...
    23 110; ...
    22 115; ...
    22 120; ...
    23 120; ...
    21 125; ...
    21 130; ...
    21 135; ...
    20 135; ...
    19 140; ...
    17 150; ...
    16 160; ...
    16 170; ...
    15 180; ...
    14 190; ...
    13 210; ...
    12 230; ...
    12 250; ...
    13 250; ...
    18 270; ...
    11 290; ...
    8 310; ...
    9 310; ...
    8 330; ...
    7 350; ...
    8 350; ...
    9 350; ...
    6 370; ...
    6 370; ...
    6 390; ...
    6 410; ...
    5 410; ...
    5 430; ...
    5 440; ... % with none
    4 450; ...
    0 470; ... % with none
    0 480; ... % with none
    0 490; ... % none
    ];
