data9 = [
    31 35; ...
    31 40; ...
    31 45; ...
    31 50; ...
    30 55; ...
    29 60; ...
    29 65; ...
    28 70; ...
    27 75; ...
    27 80; ...
    26 80; ...
    27 85; ...
    25 85; ...
    25 90; ...
    25 95; ...
    25 100; ...
    23 105; ...
    23 110; ...
    22 115; ...
    23 120; ...
    22 125; ...
    21 125; ...
    21 130; ...
    20 135; ...
    19 140; ...
    ];

data7 = [
    31 35; ...
    31 40; ...
    31 45; ...
    31 50; ...
    30 55; ...
    31 55; ... % same no of times
    29 60; ...
    29 65; ...
    27 70; ...
    28 70; ...
    28 75; ...
    27 80; ...
    27 80; ...
    26 85; ...
    27 85; ...
    25 90; ...
    25 95; ...
    25 100; ...
    23 105; ...
    23 110; ...
    22 115; ...
    22 120; ...
    21 125; ...
    21 130; ...
    21 135; ...
    20 140; ...
    ];

data9_side = [
    31 30; ...
    31 35; ...
    31 40; ...
    31 45; ...
    30 50; ...
    31 50; ...
    30 55; ...
    29 55; ...
    29 60; ...
    29 65; ...
    29 70; ...
    27 70; ...
    28 70; ...
    27 75; ...
    27 80; ...
    26 80; ...
    27 85; ...
    26 85; ...
    25 90; ...
    25 95; ...
    25 100; ...
    24 100; ...
    23 105; ...
    23 110; ...
    22 115; ...
    22 120; ...
    23 120; ...
    21 125; ...
    21 130; ...
    21 135; ...
    20 135; ...
    19 140; ...
    ];

data7_side = [
    31 30; ...
    31 35; ...
    31 40; ...
    31 45; ...
    30 50; ...
    31 50; ...
    30 55; ...
    29 55; ...
    29 60; ...
    29 65; ...
    29 70; ...
    27 70; ...
    28 70; ...
    27 75; ...
    27 80; ...
    26 80; ...
    27 85; ...
    26 85; ...
    25 90; ...
    25 95; ...
    24 95; ...
    25 100; ...
    24 100; ...
    25 105; ...
    23 105; ...
    23 110; ...
    22 115; ...
    22 120; ...
    23 120; ...
    21 125; ...
    21 130; ...
    21 135; ...
    20 135; ...
    19 140; ...
    ];
